0 3930 0 641 0 3026 2
1 9881 2 8361 1 8402 0
1 6617 3 393 2 18 2
0 5461 1 1612 0 1644 1
2 6520 1 644 0 5947 2
0 51 0 8569 0 6152 1
2 5632 1 754 2 5286 0
0 5304 2 8972 2 6844 3
1 8489 0 2645 3 5611 3
0 2636 1 7504 0 6800 0
0 2083 3 6417 2 1078 3
0 7922 2 8861 3 296 0
1 6986 0 112 1 3685 2
2 485 2 7084 2 8846 3
0 6722 3 8246 3 1057 0
2 2135 3 7578 2 337 3
0 1712 0 2200 2 8133 3
0 1817 1 2784 0 6853 1
1 6777 1 5310 3 5028 2
0 6085 2 1729 3 2582 0
2 2919 3 138 1 160 3
2 9372 2 3804 1 7817 2
2 4669 3 5703 3 8977 2
1 4004 0 481 3 7101 3
2 9683 3 902 1 3734 1
0 4973 0 3796 2 2346 3
0 1242 1 4419 1 2799 1
2 2855 3 6615 1 8940 0
2 7119 3 8494 3 6218 1
1 9952 3 2027 0 8131 3
2 1556 2 6960 0 9767 2
2 3645 3 9302 1 5873 2
0 5891 2 2464 0 6635 1
1 2852 3 4607 2 6184 2
1 5393 2 8075 3 9116 3
1 8883 1 9535 0 2230 3
1 9182 1 4542 3 2080 2
2 8716 0 2208 1 3711 3
2 9895 1 3177 2 9142 0
1 8258 3 3061 0 8094 2
2 1402 2 3008 2 1577 0
1 3658 3 6974 0 6835 0
1 1624 3 1547 3 2681 0
2 1822 1 1198 0 7656 1
1 6829 3 2279 1 2601 1
0 4179 2 5549 0 629 3
0 8543 0 8465 2 936 3
1 3617 3 646 1 3948 2
0 2683 3 8133 2 6196 2
0 9877 0 7635 1 1772 1
2 2401 1 5337 3 1725 2
0 2661 1 4951 1 9629 0
0 4655 2 1552 2 7862 1
2 5137 0 5670 0 7953 3
0 3930 0 641 0 3026 2
1 9881 2 8361 1 8402 0
1 6617 3 393 2 18 2
0 5461 1 1612 0 1644 1
2 6520 1 644 0 5947 2
0 51 0 8569 0 6152 1
2 5632 1 754 2 5286 0
0 5304 2 8972 2 6844 3
1 8489 0 2645 3 5611 3
0 2636 1 7504 0 6800 0
2 9725 1 3116 1 5430 3
1 8234 1 8493 3 8225 3
2 7853 3 3206 1 1876 2
2 9738 3 8852 3 6697 0
1 5728 0 1111 1 6471 2
2 2979 1 6039 2 8170 3
1 6394 2 2516 2 250 0
0 2126 2 913 3 8161 0
2 5936 0 9861 1 3190 3
2 739 1 87 0 1115 3
2 363 3 9195 0 9710 2
1 9960 2 3149 3 2228 1
2 388 1 5002 0 271 0
1 4541 3 9420 3 4270 1
1 6464 0 5007 2 7368 2
2 8157 0 8901 0 6580 1
2 8808 2 8466 3 1018 1
2 2369 1 8902 3 6321 1
1 1669 2 3345 2 6695 1
0 5142 3 1778 3 2780 2
2 9360 3 4851 3 9919 2
0 2015 3 8275 2 6191 2
0 2511 3 6720 0 8717 2
2 5412 3 507 2 5286 0
0 9145 2 7422 2 7848 0
2 7766 2 9426 1 3451 0
0 9642 3 8696 1 5766 1
0 5562 3 2959 0 8212 1
2 4576 1 8614 1 871 3
0 9798 3 2129 0 7134 3
0 1663 3 4746 3 9524 1
0 5290 2 4103 1 7572 0
1 6862 1 7666 3 8436 2
0 3930 0 641 0 3026 2
1 9881 2 8361 1 8402 0
1 6617 3 393 2 18 2
0 5461 1 1612 0 1644 1
2 6520 1 644 0 5947 2
0 51 0 8569 0 6152 1
2 5632 1 754 2 5286 0
0 5304 2 8972 2 6844 3
1 8489 0 2645 3 5611 3
0 2636 1 7504 0 6800 0
0 3930 0 641 0 3026 2
1 9881 2 8361 1 8402 0
1 6617 3 393 2 18 2
0 5461 1 1612 0 1644 1
2 6520 1 644 0 5947 2
0 51 0 8569 0 6152 1
2 5632 1 754 2 5286 0
0 5304 2 8972 2 6844 3
1 8489 0 2645 3 5611 3
-1 2636 1 7504 0 6800 0
0 385 1 9538 1 4937 3
1 2070 2 7248 3 6789 3
1 6313 0 1729 1 8607 3
2 7257 3 8593 2 5578 2
0 4013 0 2869 3 9165 0
2 4101 3 4484 1 1607 0
2 8396 3 8177 2 3476 0
1 2082 3 3078 0 787 0
1 6365 2 1168 0 5858 0
0 5023 0 2592 2 3751 2
1 5358 2 8435 2 4690 3
